var o, p;
o = [
	Array.prNew(16),  Array.prNew(16),  Array.prNew(16),  Array.prNew(16),  
	Array.prNew(16),  Array.prNew(16),  Array.prNew(16),  Array.prNew(16),  
	Array.prNew(16),  Array.prNew(16),  Array.prNew(16),  Array.prNew(16),  
	Array.prNew(16),  Array.prNew(16),  Array.prNew(16),  Array.prNew(16),  
	Array.prNew(16)
];
p = [
	// Array
	0, [ o[1],  o[2],  o[3],  o[4],  
		o[5],  o[6],  o[7],  o[8],  
		o[9],  o[10],  o[11],  o[12],  
		o[13],  o[14],  o[15],  o[16] ],  
	// Array
	1, [ 0,  0,  0,  0,  
		1,  0,  1,  0,  
		0,  0,  0,  0,  
		0,  0,  0,  0 ],  
	// Array
	2, [ 0,  0,  0,  0,  
		0,  1,  0,  1,  
		0,  1,  0,  0,  
		0,  0,  0,  0 ],  
	// Array
	3, [ 0,  0,  0,  0,  
		0,  1,  0,  0,  
		0,  0,  0,  0,  
		0,  0,  0,  0 ],  
	// Array
	4, [ 0,  0,  0,  0,  
		0,  0,  0,  0,  
		0,  0,  0,  0,  
		0,  0,  0,  0 ],  
	// Array
	5, [ 0,  0,  0,  0,  
		0,  0,  0,  0,  
		0,  0,  0,  0,  
		0,  0,  0,  0 ],  
	// Array
	6, [ 0,  0,  0,  0,  
		0,  0,  0,  0,  
		1,  0,  0,  0,  
		0,  0,  0,  0 ],  
	// Array
	7, [ 0,  0,  0,  0,  
		0,  0,  0,  0,  
		1,  0,  0,  0,  
		0,  0,  0,  0 ],  
	// Array
	8, [ 0,  0,  0,  1,  
		0,  0,  0,  0,  
		0,  0,  0,  0,  
		0,  0,  0,  0 ],  
	// Array
	9, [ 0,  0,  0,  0,  
		0,  0,  0,  1,  
		0,  0,  0,  1,  
		0,  0,  0,  0 ],  
	// Array
	10, [ 0,  0,  0,  0,  
		0,  0,  0,  0,  
		0,  0,  1,  0,  
		0,  0,  0,  0 ],  
	// Array
	11, [ 0,  0,  0,  0,  
		0,  0,  0,  0,  
		0,  0,  0,  0,  
		1,  0,  0,  0 ],  
	// Array
	12, [ 0,  0,  0,  0,  
		0,  0,  0,  0,  
		0,  0,  0,  0,  
		0,  1,  0,  0 ],  
	// Array
	13, [ 0,  0,  0,  0,  
		0,  0,  0,  0,  
		0,  0,  0,  0,  
		1,  0,  0,  0 ],  
	// Array
	14, [ 0,  0,  0,  0,  
		0,  0,  0,  0,  
		0,  0,  0,  0,  
		0,  1,  0,  0 ],  
	// Array
	15, [ 0,  0,  0,  0,  
		0,  0,  0,  0,  
		0,  0,  0,  0,  
		0,  0,  1,  0 ],  
	// Array
	16, [ 0,  0,  0,  0,  
		0,  0,  0,  0,  
		0,  0,  0,  0,  
		0,  0,  0,  1 ]
];
prUnarchive(o,p);
